0|188219
20|1
70|3
100|11
110|1
120|1
130|1
140|1
150|6
170|2
190|1
200|28
210|32
220|6
230|6
240|1
250|16
260|1
270|2
280|2
290|2
300|27
310|4
320|5
330|1
340|3
350|12
360|2
370|1
380|5
390|3
400|125
410|3
420|379
430|106
440|36
450|238
460|62
470|118
480|44
490|35
500|750
510|37
520|159
530|51
540|45
550|291
560|42
570|90
580|48
590|16
600|560
610|35
620|112
630|34
640|52
650|252
660|31
670|79
680|35
690|40
700|564
710|59
720|101
730|50
740|36
750|236
760|48
770|45
780|41
790|30
800|532
810|35
820|75
830|48
840|32
850|186
860|57
870|66
880|24
890|24
900|363
910|29
920|57
930|26
940|39
950|117
960|50
970|39
980|26
990|30
1000|399
1010|25
1020|52
1030|33
1040|23
1050|99
1060|27
1070|32
1080|25
1090|23
1100|257
1110|13
1120|30
1130|24
1140|18
1150|71
1160|27
1170|28
1180|16
1190|10
1200|268
1210|20
1220|25
1230|25
1240|17
1250|78
1260|15
1270|30
1280|18
1290|11
1300|208
1310|12
1320|21
1330|12
1340|9
1350|29
1360|20
1370|21
1380|20
1390|15
1400|134
1410|11
1420|14
1430|8
1440|13
1450|25
1460|12
1470|21
1480|17
1490|5
1500|226
1510|14
1520|10
1530|17
1540|9
1550|31
1560|13
1570|23
1580|6
1590|8
1600|143
1610|4
1620|8
1630|18
1640|3
1650|30
1660|5
1670|15
1680|20
1690|3
1700|120
1710|10
1720|13
1730|10
1740|8
1750|32
1760|6
1770|10
1780|15
1790|4
1800|136
1810|9
1820|13
1830|7
1840|6
1850|15
1860|11
1870|16
1880|9
1890|5
1900|50
1910|11
1920|14
1930|2
1940|3
1950|9
1960|5
1970|10
1980|5
1990|6
2000|108
2010|10
2020|6
2030|6
2040|1
2050|5
2060|1
2070|3
2080|1
2100|56
2110|5
2130|3
2140|2
2150|6
2160|3
2170|1
2180|2
2190|4
2200|49
2210|1
2220|1
2250|8
2260|1
2280|2
2290|4
2300|26
2310|2
2320|2
2330|1
2350|6
2360|3
2370|8
2390|1
2400|23
2420|1
2450|3
2460|1
2470|1
2480|2
2500|42
2510|1
2530|6
2540|1
2550|3
2580|1
2590|1
2600|9
2610|1
2620|1
2630|1
2650|4
2660|1
2680|1
2700|12
2720|1
2730|3
2740|1
2750|4
2780|2
2800|8
2820|1
2850|2
2900|4
2910|1
2950|5
2960|2
2980|1
3000|12
3100|2
3150|2
3190|1
3200|6
3250|1
3300|9
3350|2
3400|2
3500|3
3600|3
3700|2
3740|1
3750|3
3760|1
3840|1
3900|1
4000|6
4300|1
4500|5
4800|6
4900|1
5000|5
5200|1
5250|1
5500|4
5520|1
6000|3
6200|1
6410|1
6500|6
6600|1
6800|1
6900|1
7000|1
7400|1
7700|1
7800|1
8000|4
8300|1
8500|1
8600|1
8800|1
9000|1
9400|2
9800|2
9910|1
9990|1
