0|188219
18|1
69|1
75|2
99|11
108|1
123|1
135|1
141|1
150|6
168|1
171|1
189|1
198|27
204|1
210|9
213|23
219|2
225|4
228|1
231|2
234|3
243|1
249|12
252|1
255|3
258|1
270|1
273|1
285|1
288|2
294|1
300|24
303|3
309|2
312|2
324|4
327|1
333|1
345|3
348|10
354|2
363|1
366|1
375|1
378|2
384|3
390|3
399|125
408|1
414|1
417|1
420|1
423|376
426|1
429|7
432|1
435|98
438|14
441|2
444|16
447|5
450|223
453|14
456|1
459|17
465|44
468|9
471|4
474|106
480|11
483|28
486|4
489|14
492|2
495|19
498|735
504|14
507|2
510|17
513|16
516|3
519|9
522|1
525|147
528|25
531|3
534|22
537|4
540|22
543|15
546|6
549|282
552|1
555|8
558|18
561|4
564|16
567|6
570|9
573|74
576|5
579|25
582|5
585|20
588|8
591|1
594|5
597|2
600|548
603|7
606|3
609|21
612|3
615|10
618|11
621|3
624|95
627|6
630|13
633|14
636|7
639|20
642|3
645|21
648|237
651|8
654|10
657|5
660|16
663|12
666|2
669|13
672|6
675|57
678|12
681|4
684|15
687|8
690|18
693|8
696|11
699|538
702|3
705|20
708|22
711|10
714|26
717|7
720|25
723|65
726|8
729|28
732|6
735|18
738|15
741|2
744|12
747|8
750|205
753|17
756|14
759|21
762|4
765|17
768|20
771|4
774|23
777|4
780|18
783|10
786|10
789|16
792|2
795|8
798|514
801|9
804|10
807|6
810|15
813|8
816|8
819|19
822|3
825|53
828|17
831|9
834|20
837|6
840|11
843|12
846|9
849|167
852|3
855|12
858|28
861|6
864|19
867|8
870|9
873|45
876|9
879|8
882|3
885|12
888|14
891|6
894|6
897|2
900|342
903|14
906|7
909|12
912|4
915|11
918|20
921|3
924|33
927|3
930|10
933|7
936|7
939|9
942|8
945|22
948|86
951|10
954|16
957|7
960|21
963|20
966|7
969|8
972|3
975|23
978|12
981|4
984|10
987|7
990|12
993|11
996|6
999|389
1002|6
1005|5
1008|5
1011|4
1014|11
1017|5
1020|12
1023|32
1026|8
1029|13
1032|7
1035|10
1038|7
1041|8
1044|10
1047|1
1050|80
1053|6
1056|12
1059|7
1062|5
1065|15
1068|6
1071|2
1074|19
1077|6
1080|11
1083|9
1086|5
1089|8
1092|3
1095|8
1098|239
1101|5
1104|13
1107|4
1110|5
1113|2
1116|4
1119|9
1122|5
1125|17
1128|9
1131|4
1134|12
1140|7
1143|7
1146|1
1149|60
1152|5
1155|7
1158|11
1161|6
1164|9
1167|3
1170|7
1173|18
1176|2
1179|6
1182|2
1185|5
1188|5
1191|1
1194|5
1197|3
1200|267
1203|1
1209|6
1212|4
1215|8
1218|13
1221|2
1224|8
1227|4
1230|7
1233|10
1236|3
1239|16
1242|1
1245|4
1248|57
1251|3
1254|8
1257|11
1260|8
1263|1
1266|2
1269|9
1272|10
1275|14
1278|9
1281|1
1284|4
1287|5
1290|4
1293|2
1296|4
1299|200
1302|3
1305|5
1308|4
1311|4
1314|4
1317|1
1320|5
1323|13
1326|2
1329|3
1332|3
1335|4
1338|4
1341|3
1344|4
1347|1
1350|24
1353|1
1356|4
1359|7
1362|3
1365|9
1368|7
1371|4
1374|10
1377|1
1380|3
1383|8
1386|5
1389|7
1392|1
1395|8
1398|135
1404|2
1410|4
1413|5
1419|3
1422|3
1425|7
1428|4
1431|1
1434|4
1437|2
1440|5
1443|4
1446|1
1449|23
1452|2
1455|2
1458|3
1461|3
1464|5
1467|2
1470|4
1473|10
1476|3
1479|8
1482|3
1485|6
1488|6
1491|1
1497|2
1500|221
1503|1
1506|4
1509|2
1512|2
1515|5
1518|5
1521|2
1524|6
1527|2
1530|7
1533|5
1536|5
1539|4
1545|2
1548|22
1551|3
1554|6
1557|3
1560|2
1563|3
1566|8
1569|10
1572|1
1575|12
1581|1
1584|3
1587|2
1590|8
1599|136
1602|3
1605|4
1611|1
1614|1
1617|2
1620|2
1623|4
1626|2
1629|4
1632|6
1635|6
1638|2
1641|1
1647|2
1650|25
1653|2
1656|3
1659|3
1665|2
1668|4
1671|2
1674|6
1677|3
1680|7
1683|11
1686|2
1692|2
1695|1
1698|116
1701|1
1704|2
1707|1
1710|4
1713|3
1716|2
1719|4
1722|4
1725|4
1728|5
1731|5
1734|1
1737|1
1740|4
1743|4
1749|21
1752|2
1755|3
1758|9
1761|3
1770|1
1773|7
1776|1
1779|2
1782|6
1785|5
1788|5
1791|1
1797|1
1800|129
1803|4
1806|3
1809|4
1812|2
1815|2
1818|4
1824|8
1827|2
1830|4
1833|1
1836|2
1839|2
1842|2
1845|1
1848|12
1851|1
1854|2
1857|1
1860|3
1863|6
1866|1
1869|6
1872|1
1875|10
1878|3
1881|4
1884|1
1887|1
1893|3
1896|2
1899|49
1905|1
1908|3
1914|4
1917|4
1923|9
1926|4
1929|2
1935|1
1938|2
1944|1
1950|9
1959|1
1962|1
1965|1
1968|2
1971|3
1974|5
1977|2
1980|1
1983|1
1986|3
1989|1
1992|3
1995|1
1998|109
2010|2
2016|1
2019|8
2025|4
2028|3
2034|1
2037|3
2043|1
2049|5
2067|1
2070|2
2073|1
2085|1
2100|56
2109|1
2115|4
2130|1
2136|2
2139|1
2142|1
2148|5
2154|1
2160|2
2163|1
2178|1
2181|1
2187|1
2190|3
2196|1
2199|46
2202|1
2208|2
2217|1
2226|1
2250|6
2256|2
2262|1
2280|1
2286|1
2289|2
2295|1
2298|27
2310|1
2316|1
2319|1
2325|1
2331|1
2349|5
2355|1
2358|1
2361|1
2364|1
2370|2
2373|5
2376|1
2394|1
2400|23
2427|1
2448|2
2451|1
2469|2
2478|1
2484|1
2499|42
2511|1
2532|3
2535|1
2538|3
2550|3
2580|1
2595|1
2598|9
2613|1
2625|1
2628|1
2649|1
2652|2
2655|1
2667|1
2679|1
2700|12
2721|1
2730|2
2739|2
2751|2
2754|2
2781|1
2787|1
2799|8
2823|1
2850|2
2898|4
2913|1
2952|5
2964|2
2988|1
3000|12
3099|2
3150|1
3156|1
3189|1
3198|4
3204|2
3258|1
3300|9
3348|2
3399|2
3498|3
3600|3
3699|2
3744|1
3750|3
3765|1
3846|1
3900|1
3999|6
4299|1
4500|5
4800|1
4806|5
4899|1
4998|5
5199|1
5250|1
5499|4
5523|1
6000|2
6009|1
6198|1
6408|1
6498|6
6600|1
6798|1
6900|1
6999|1
7398|1
7698|1
7800|1
7998|4
8298|1
8499|1
8598|1
8799|1
9000|1
9399|2
9798|2
9915|1
9999|1
