0|188219
20|1
70|1
75|2
100|11
110|1
125|1
135|1
143|1
150|6
170|1
173|1
190|1
200|27
205|1
210|7
212|2
213|20
215|3
220|2
225|4
230|1
232|1
233|1
234|1
235|2
245|1
250|12
252|1
255|3
260|1
270|1
275|1
285|1
289|1
290|1
294|1
300|24
303|2
305|1
310|2
313|2
325|4
327|1
333|1
345|3
350|10
355|2
365|1
367|1
375|1
380|2
385|3
390|3
400|125
410|1
415|1
417|1
420|1
425|376
427|1
429|1
430|6
432|1
435|98
438|1
440|13
442|1
443|1
445|15
446|1
447|1
448|2
449|2
450|222
451|1
455|14
458|1
460|17
465|42
466|2
468|1
470|8
472|3
473|1
474|1
475|105
480|11
483|1
485|27
486|3
487|1
489|1
490|12
491|1
492|1
493|1
495|17
496|1
497|1
499|1
500|734
504|1
505|13
509|2
510|14
511|1
512|2
515|16
517|1
518|2
519|1
520|7
521|1
522|1
525|147
528|3
530|22
532|2
533|1
534|1
535|20
536|1
538|4
540|21
541|1
544|1
545|14
546|2
547|3
548|1
549|2
550|280
552|1
555|7
557|1
558|2
560|16
561|2
562|2
564|1
565|13
566|2
568|4
569|2
570|8
571|1
574|1
575|73
576|4
577|1
579|2
580|23
582|3
583|1
584|1
585|17
586|1
587|2
590|8
592|1
595|5
599|2
600|546
602|2
604|1
605|6
608|3
609|2
610|17
611|2
612|2
613|1
615|10
619|3
620|8
621|1
622|1
623|1
624|3
625|91
626|1
627|5
629|1
630|10
631|3
633|1
635|13
636|2
637|3
638|2
640|20
642|2
643|1
645|11
646|5
647|5
648|3
649|5
650|229
652|3
653|5
654|1
655|9
657|2
658|1
659|2
660|15
662|1
663|1
665|11
666|1
667|1
669|1
670|9
671|3
672|2
673|1
674|3
675|53
676|1
677|3
678|4
680|8
683|4
684|1
685|14
687|1
688|4
689|3
690|10
691|2
692|6
694|2
695|6
696|2
697|5
698|4
699|3
700|534
701|1
702|1
703|2
705|9
706|2
707|9
708|5
709|1
710|16
711|2
712|4
713|4
714|2
715|19
716|5
718|5
719|2
720|17
721|6
722|2
724|1
725|64
726|2
727|5
728|1
729|3
730|24
731|1
732|5
733|1
735|16
736|2
738|1
740|14
742|1
743|1
744|2
745|10
747|4
748|2
749|2
750|202
751|1
752|2
753|1
754|3
755|13
756|8
757|4
758|2
760|17
761|4
762|1
763|2
764|1
765|13
766|2
767|2
769|6
770|14
771|1
772|2
773|1
774|1
775|21
776|1
777|3
779|1
780|11
781|4
782|3
784|1
785|9
786|4
787|3
788|3
789|3
790|11
791|2
792|1
793|1
795|2
796|1
797|5
798|3
799|4
800|507
801|2
802|1
803|6
804|2
805|8
807|1
808|3
809|2
810|9
811|3
812|3
813|1
815|7
816|1
817|7
819|4
820|15
822|1
823|2
825|51
826|1
827|1
828|1
829|3
830|13
831|3
832|5
833|1
834|4
835|11
836|5
837|3
838|2
839|1
840|11
843|3
844|4
845|5
846|3
847|3
848|3
850|167
852|1
853|1
854|1
855|10
856|1
857|1
858|1
859|3
860|24
862|2
863|4
864|2
865|14
866|3
868|5
869|3
870|7
871|1
872|1
874|2
875|43
876|3
877|3
878|3
879|3
880|4
881|1
882|2
883|1
885|9
886|2
887|1
888|2
889|2
890|10
891|4
892|1
893|1
895|4
896|2
897|1
899|1
900|336
901|3
902|3
903|1
904|2
905|11
906|4
907|1
908|2
910|12
912|1
913|2
914|1
915|6
916|4
917|1
918|1
919|1
920|18
921|2
923|1
924|2
925|30
926|1
927|1
928|2
930|6
932|4
933|1
935|6
936|2
937|3
938|2
939|2
940|5
941|2
942|4
943|2
944|2
945|17
946|3
947|2
948|1
949|1
950|84
951|4
952|2
953|4
954|3
955|5
956|8
957|2
958|4
959|1
960|13
961|5
962|3
963|8
964|3
965|9
966|1
967|2
968|4
969|2
970|6
972|2
974|1
975|19
976|4
978|1
979|6
980|5
981|2
982|1
983|1
984|2
985|5
986|3
987|4
988|3
990|9
991|1
992|2
993|1
995|10
996|1
997|1
998|4
999|1
1000|386
1001|2
1002|2
1003|3
1004|1
1005|5
1010|5
1011|3
1013|1
1014|1
1015|6
1016|4
1017|4
1018|1
1020|10
1022|2
1023|1
1024|1
1025|30
1026|2
1027|5
1028|1
1030|13
1032|5
1033|1
1034|1
1035|6
1036|2
1037|2
1038|2
1039|1
1040|4
1041|2
1042|4
1043|2
1044|2
1045|7
1046|1
1048|1
1050|76
1051|4
1053|2
1054|2
1055|2
1056|3
1057|6
1058|3
1059|1
1060|5
1061|1
1062|3
1063|2
1065|8
1066|1
1067|6
1069|1
1070|5
1073|2
1074|1
1075|13
1076|5
1077|2
1078|1
1079|3
1080|9
1082|2
1083|1
1085|8
1086|1
1087|2
1088|2
1090|8
1092|1
1094|2
1095|3
1096|1
1097|4
1098|2
1099|2
1100|235
1101|2
1102|1
1103|2
1104|3
1105|10
1107|2
1108|2
1110|3
1111|1
1112|1
1113|1
1115|1
1116|1
1117|3
1119|2
1120|6
1121|1
1122|2
1123|1
1124|2
1125|13
1127|4
1129|1
1130|8
1131|4
1134|1
1135|8
1136|3
1140|6
1142|1
1145|7
1146|1
1149|3
1150|57
1152|2
1153|2
1154|1
1155|3
1156|2
1157|2
1158|2
1160|9
1162|2
1163|4
1164|3
1165|6
1167|3
1170|4
1171|1
1172|2
1173|2
1175|16
1176|1
1177|1
1179|1
1180|4
1181|1
1183|1
1184|1
1185|1
1186|2
1187|2
1188|4
1190|1
1191|1
1194|1
1195|3
1196|1
1198|2
1199|1
1200|256
1201|6
1202|5
1205|1
1210|5
1211|1
1212|2
1214|2
1215|6
1217|2
1218|1
1219|1
1220|11
1222|1
1223|1
1224|1
1225|6
1226|1
1228|4
1230|4
1231|2
1232|1
1233|2
1234|1
1235|7
1236|1
1238|2
1239|5
1240|11
1242|1
1245|2
1247|2
1249|1
1250|56
1251|2
1253|1
1254|2
1255|4
1256|2
1257|3
1258|4
1259|4
1260|7
1261|1
1265|1
1266|1
1268|1
1269|4
1270|5
1272|8
1274|2
1275|13
1276|1
1278|1
1280|8
1281|1
1284|1
1285|2
1286|1
1287|1
1288|3
1289|1
1290|3
1291|1
1295|2
1296|1
1297|3
1299|1
1300|198
1301|1
1303|2
1304|1
1305|4
1307|1
1308|1
1310|3
1311|3
1313|1
1314|2
1315|2
1318|1
1320|3
1321|2
1324|2
1325|11
1326|1
1327|1
1329|1
1330|1
1331|1
1332|2
1334|1
1335|3
1336|1
1339|3
1340|1
1342|2
1343|1
1344|3
1345|1
1349|1
1350|24
1353|1
1356|1
1357|2
1358|1
1360|5
1361|2
1362|2
1363|1
1365|5
1366|1
1367|3
1369|1
1370|6
1371|3
1372|1
1375|9
1376|1
1378|1
1380|3
1383|4
1384|1
1385|3
1386|3
1388|2
1389|4
1390|2
1391|1
1394|1
1395|1
1396|2
1397|5
1398|1
1399|2
1400|132
1404|2
1410|3
1412|1
1413|1
1414|3
1415|1
1419|2
1420|1
1422|2
1423|1
1425|7
1428|2
1429|1
1430|1
1433|1
1434|1
1435|3
1437|1
1439|1
1440|2
1441|1
1442|2
1445|4
1446|1
1449|3
1450|19
1451|1
1453|1
1454|1
1455|1
1457|1
1458|1
1460|2
1461|1
1463|2
1465|3
1466|2
1467|1
1468|1
1470|2
1471|2
1473|4
1474|2
1475|4
1477|2
1478|1
1479|4
1480|4
1483|1
1484|2
1485|4
1486|2
1488|2
1489|2
1490|2
1493|1
1497|2
1500|221
1505|1
1506|3
1507|1
1510|2
1513|2
1515|1
1516|4
1518|3
1519|2
1523|2
1525|6
1528|2
1530|3
1532|4
1533|3
1535|2
1538|5
1540|4
1546|1
1547|1
1548|1
1549|2
1550|19
1551|1
1552|2
1555|2
1556|4
1557|1
1558|1
1559|1
1560|1
1561|1
1565|3
1566|2
1567|4
1568|2
1570|7
1571|3
1572|1
1575|8
1576|2
1577|2
1582|1
1584|2
1585|1
1588|2
1590|3
1592|5
1600|136
1602|1
1604|2
1606|1
1607|3
1613|1
1615|1
1617|1
1619|1
1620|1
1622|1
1624|1
1625|3
1626|2
1630|4
1632|3
1633|1
1634|2
1635|5
1637|1
1638|1
1639|1
1643|1
1648|2
1650|24
1651|1
1655|2
1658|3
1660|2
1661|1
1667|2
1670|4
1672|2
1675|4
1676|2
1677|2
1679|1
1680|4
1682|3
1683|6
1684|4
1685|1
1686|2
1692|1
1693|1
1695|1
1700|116
1701|1
1706|2
1709|1
1710|4
1713|1
1715|2
1716|1
1718|1
1719|1
1720|1
1721|2
1722|2
1724|2
1725|3
1727|1
1728|1
1729|1
1730|3
1731|2
1733|3
1735|1
1738|1
1740|4
1744|2
1745|2
1750|20
1751|1
1752|1
1754|1
1756|2
1757|1
1758|3
1759|3
1760|3
1761|1
1762|2
1770|1
1774|3
1775|4
1776|1
1779|1
1780|1
1783|3
1784|3
1785|1
1786|2
1787|2
1788|2
1789|1
1790|2
1792|1
1799|1
1800|127
1802|2
1804|1
1805|3
1807|2
1808|1
1810|3
1811|1
1813|1
1814|1
1817|2
1818|1
1820|3
1824|2
1825|6
1827|1
1829|1
1830|2
1832|2
1834|1
1836|2
1840|2
1843|1
1844|1
1845|1
1849|1
1850|11
1851|1
1854|2
1857|1
1860|2
1862|1
1863|2
1864|3
1865|1
1866|1
1869|1
1870|2
1871|3
1873|1
1875|10
1880|3
1882|3
1883|1
1885|1
1888|1
1893|1
1895|2
1898|2
1900|49
1905|1
1910|3
1914|2
1915|2
1919|4
1923|4
1925|5
1927|3
1928|1
1929|1
1930|1
1935|1
1940|2
1944|1
1950|9
1960|1
1962|1
1965|1
1968|2
1971|1
1972|1
1973|1
1976|5
1977|1
1978|1
1980|1
1984|1
1986|1
1987|2
1991|1
1993|1
1994|2
1995|1
1999|1
2000|108
2010|1
2012|1
2018|1
2019|7
2020|1
2026|4
2029|1
2030|2
2035|1
2038|3
2045|1
2050|4
2051|1
2067|1
2072|2
2073|1
2085|1
2100|56
2110|1
2116|4
2132|1
2136|1
2138|1
2141|1
2142|1
2150|5
2155|1
2160|2
2163|1
2178|1
2181|1
2188|1
2190|3
2198|1
2200|46
2202|1
2208|1
2209|1
2218|1
2226|1
2250|6
2256|1
2258|1
2263|1
2281|1
2288|1
2290|1
2291|1
2295|1
2299|1
2300|26
2312|1
2317|1
2321|1
2326|1
2331|1
2350|5
2355|1
2360|1
2363|1
2366|1
2370|1
2371|1
2373|1
2375|4
2377|1
2395|1
2400|23
2429|1
2450|2
2451|1
2469|1
2470|1
2480|1
2485|1
2500|42
2512|1
2532|3
2536|1
2538|2
2540|1
2550|1
2552|2
2582|1
2596|1
2600|9
2613|1
2626|1
2630|1
2650|1
2652|2
2656|1
2668|1
2680|1
2700|12
2723|1
2730|2
2739|1
2740|1
2751|2
2755|2
2783|1
2788|1
2800|8
2825|1
2850|2
2900|4
2915|1
2952|5
2965|1
2966|1
2988|1
3000|12
3100|2
3150|1
3156|1
3190|1
3200|4
3205|2
3259|1
3300|9
3350|2
3400|2
3500|3
3600|3
3700|2
3745|1
3750|3
3765|1
3846|1
3900|1
4000|6
4300|1
4500|5
4800|1
4807|5
4900|1
5000|5
5200|1
5250|1
5500|4
5525|1
6000|2
6009|1
6200|1
6410|1
6500|6
6600|1
6800|1
6900|1
7000|1
7400|1
7700|1
7800|1
8000|4
8300|1
8500|1
8600|1
8800|1
9000|1
9400|2
9800|2
9916|1
9999|1
